02:13:54 0020 01 32 2E 42 2D 31 37 39 35 15 31 34 32 02 4D 38 30 41 48 55 37 31 39 30 50 4F 53 0D 0A 31 38 4A 55 4E 2C 30 36 31 34 2C 20 30 33 31 34 36 30 30 2C 31 37 37 30 30 2C 4E 20 33 39 2E 35 35 32 2C 45 31 31 36 2E 32 31 37 2C 32 37 39 33 33 2C 20 20 32 36 2C 31 33 37 36 30 03 69 26 7F 52 

02:14:50 0001 01 30 31 32 33 34 35 36 37 38 39 03 76 66 7F 52 

02:14:51 0002 01 30 31 32 33 34 35 36 37 38 39 03 76 66 7F 52 

02:14:52 0003 01 30 31 32 33 34 35 36 37 38 39 03 76 66 7F 52 

02:15:02 0004 01 32 2E 39 56 2D 53 4B 4B 34 5F 7F 51 

02:15:04 0005 01 32 00 00 00 00 00 00 00 15 53 51 00 02 30 32 58 41 54 53 4E 5A 42 54 4A 31 33 39 30 37 4E 31 31 37 32 30 45 56 31 33 36 39 37 35 2F 41 52 49 4E 43 03 7F 01 

02:16:36 0006 01 32 2E 48 4C 37 37 32 30 15 51 30 31 02 53 36 36 41 4B 45 30 39 32 33 03 12 59 7F 52 

02:16:37 0007 01 32 2E 48 4C 37 35 35 31 15 48 31 33 02 43 32 39 41 4B 45 30 38 30 38 23 43 46 42 2E 31 2F 46 4C 52 2F 44 42 4E 30 33 31 2F 46 52 31 36 30 36 31 38 30 36 31 35 20 20 33 34 35 32 33 33 30 36 54 43 41 53 20 20 20 31 2C 2C 2C 2C 2C 2C 2C 41 54 43 31 28 31 53 48 31 29 2F 54 43 41 53 28 31 53 47 29 2C 49 4E 54 45 52 4D 49 54 54 45 4E 54 03 59 26 7F 52 

02:16:48 0008 01 32 00 00 00 00 00 00 00 15 53 51 00 02 30 31 58 41 54 53 4E 5A 42 54 4A 31 41 52 49 4E 43 03 4F 29 7F 52 

02:16:49 0009 01 32 00 00 00 00 00 00 00 15 53 51 00 02 30 32 58 41 54 53 4E 5A 42 54 4A 31 33 39 30 37 4E 31 31 37 32 30 45 56 31 33 36 39 37 35 2F 41 52 49 4E 43 03 7F 01 

02:16:52 0010 01 32 2E 48 4C 37 35 35 31 15 48 31 33 02 43 32 39 41 4B 45 30 38 30 38 23 43 46 42 2E 31 2F 46 4C 52 2F 44 42 4E 30 33 31 2F 46 52 31 36 30 36 31 38 30 36 31 35 20 20 33 34 35 32 33 33 30 36 54 43 41 53 20 20 20 31 2C 2C 2C 2C 2C 2C 2C 41 54 43 31 28 31 53 48 31 29 2F 54 43 41 53 28 31 53 47 29 2C 49 4E 54 45 52 4D 49 54 54 45 4E 54 03 59 26 7F 52 

02:17:00 0011 01 32 2E 48 4C 37 37 32 30 15 51 30 31 02 53 36 36 41 4B 45 30 39 32 33 03 12 59 7F 52 

02:17:07 0012 01 32 2E 48 4C 37 35 35 31 15 48 31 33 02 43 32 39 41 4B 45 30 38 30 38 23 43 46 42 2E 31 2F 46 4C 52 2F 44 42 4E 30 33 31 2F 46 52 31 36 30 36 31 38 30 36 31 35 20 20 33 34 35 32 33 33 30 36 54 43 41 53 20 20 20 31 2C 2C 2C 2C 2C 2C 2C 41 54 43 31 28 31 53 48 31 29 2F 54 43 41 53 28 31 53 47 29 2C 49 4E 54 45 52 4D 49 54 54 45 4E 54 03 59 26 7F 52 

02:17:14 0013 01 32 2E 42 2D 39 39 34 38 15 48 31 37 02 44 32 37 41 47 53 36 35 30 39 23 44 46 42 41 33 32 30 2C 30 30 30 35 32 35 2C 31 2C 31 2C 54 42 30 30 30 30 30 30 2F 52 45 50 30 31 33 2C 30 30 2C 30 30 2C 31 2F 43 43 42 2D 39 39 34 38 2C 4A 55 4E 31 38 2C 30 36 31 34 31 32 2C 5A 42 54 4A 2C 5A 48 48 48 2C 36 35 30 39 2F 43 30 54 49 41 30 35 30 48 4E 41 34 30 30 30 30 2F 43 31 31 31 2C 30 37 31 30 32 2C 34 30 30 30 2C 34 35 2C 30 30 30 30 2C 31 2C 30 30 30 30 2C 34 34 2C 31 2F 43 45 30 32 39 30 2C 30 30 32 31 39 2C 2D 2D 2D 2C 2D 2D 2D 2C 2D 2D 2D 2D 2C 2D 2D 2D 2C 49 32 31 4E 41 34 2F 45 31 34 32 30 36 2C 31 34 35 34 34 2C 31 33 30 34 38 2C 32 30 30 30 30 2F 4E 31 30 31 31 39 35 38 2C 30 30 30 30 30 17 22 22 7F 52 

02:17:20 0014 01 32 2E 42 2D 39 39 34 38 37 5F 7F 59 

02:17:21 0015 01 32 2E 42 2D 39 39 34 38 15 48 31 38 02 44 32 37 42 47 53 36 35 30 39 23 44 46 42 2C 30 41 32 30 30 2C 31 30 30 30 2C 30 35 35 32 2C 30 39 32 2F 4E 32 30 31 31 39 35 36 2C 30 30 30 30 30 2C 30 41 32 30 30 2C 31 30 30 30 2C 30 35 34 34 2C 30 39 32 2F 4E 33 30 30 30 30 30 30 2C 30 30 30 30 30 2C 30 34 32 30 30 2C 31 30 30 30 2C 30 34 31 36 2C 30 32 32 2F 53 31 30 39 39 32 2C 30 30 32 39 2C 30 34 33 2C 33 37 36 2C 58 58 58 58 2C 31 30 37 2C 30 33 33 2F 53 32 30 39 39 31 2C 30 30 33 30 2C 30 34 32 2C 33 37 39 2C 58 58 58 58 2C 31 30 37 2C 30 32 32 2F 53 33 31 30 30 30 2C 30 30 33 33 2C 30 35 36 2C 31 34 35 2C 58 58 58 58 2C 31 30 39 2C 30 30 30 2F 56 31 30 34 39 2C 30 37 37 37 2C 30 34 36 30 2C 17 04 4E 7F 52 

02:17:27 0016 01 32 2E 48 4C 37 35 35 31 15 48 31 33 02 43 32 39 41 4B 45 30 38 30 38 23 43 46 42 2E 31 2F 46 4C 52 2F 44 42 4E 30 33 31 2F 46 52 31 36 30 36 31 38 30 36 31 35 20 20 33 34 35 32 33 33 30 36 54 43 41 53 20 20 20 31 2C 2C 2C 2C 2C 2C 2C 41 54 43 31 28 31 53 48 31 29 2F 54 43 41 53 28 31 53 47 29 2C 49 4E 54 45 52 4D 49 54 54 45 4E 54 03 59 26 7F 52 

02:17:28 0017 01 32 2E 42 2D 39 39 34 38 38 5F 7F 5A 

02:17:28 0018 01 32 2E 42 2D 39 39 34 38 15 48 31 39 02 44 32 37 43 47 53 36 35 30 39 23 44 46 42 30 32 35 2C 30 30 33 35 2F 3A 03 24 53 7F 52 

02:17:35 0019 01 32 2E 42 2D 39 39 34 38 39 5F 7F 41 

02:17:41 0020 01 32 2E 48 4C 37 35 35 31 15 48 31 33 02 43 32 39 41 4B 45 30 38 30 38 23 43 46 42 2E 31 2F 46 4C 52 2F 44 42 4E 30 33 31 2F 46 52 31 36 30 36 31 38 30 36 31 35 20 20 33 34 35 32 33 33 30 36 54 43 41 53 20 20 20 31 2C 2C 2C 2C 2C 2C 2C 41 54 43 31 28 31 53 48 31 29 2F 54 43 41 53 28 31 53 47 29 2C 49 4E 54 45 52 4D 49 54 54 45 4E 54 03 59 26 7F 52 

02:18:02 0021 01 32 2E 42 2D 31 37 35 32 15 34 4E 47 7D 39 46 4D 3E 34 31 4A 4A 4E 49 5C 32 4E 3D 2F 2D 38 50 39 31 34 31 4A 4A 4E 49 50 3B 2B 25 3D 31 26 53 4C 49 48 2C 31 31 37 2C 30 36 35 32 32 32 2C 32 45 45 44 32 46 03 57 5C 7F 57 

02:18:04 0022 01 32 2E 48 4C 37 35 35 31 15 48 31 33 02 43 32 39 41 4B 45 30 38 30 38 23 43 46 42 2E 31 2F 46 4C 52 2F 44 42 4E 30 33 31 2F 46 52 31 36 30 36 31 38 30 36 31 35 20 20 33 34 35 32 33 33 30 36 54 43 41 53 20 20 20 31 2C 2C 2C 2C 2C 2C 2C 41 54 43 31 28 31 53 48 31 29 2F 54 43 41 53 28 31 53 47 29 2C 49 4E 54 45 52 4D 49 54 54 45 4E 54 03 59 26 7F 52 

02:18:37 0023 01 32 00 00 00 00 00 00 00 15 53 51 00 02 30 31 58 41 54 53 4E 5A 42 54 4A 31 41 52 49 4E 43 03 4F 29 7F 52 

02:19:07 0024 01 32 2E 42 2D 35 34 32 35 15 48 31 38 02 46 33 33 41 43 41 30 31 33 30 23 4D 31 42 50 52 47 2F 46 4E 43 43 41 31 33 30 2F 44 54 5A 42 41 41 2C 31 38 52 2C 31 33 37 2C 30 36 35 39 34 31 2C 33 30 39 30 30 44 03 0F 1A 7F 52 

02:19:28 0025 01 32 00 00 00 00 00 00 00 15 53 51 00 02 30 32 58 41 54 53 4E 5A 42 54 4A 31 33 39 30 37 4E 31 31 37 32 30 45 56 31 33 36 39 37 35 2F 41 52 49 4E 43 03 7F 01 

02:20:14 0026 01 32 2E 48 4C 37 37 32 30 15 51 30 32 02 53 36 37 41 4B 45 30 39 32 33 03 4F 5E 7F 52 

02:20:20 0027 01 32 2E 48 4C 37 37 32 30 15 53 41 33 02 53 36 34 41 4B 45 30 39 32 33 30 45 56 30 36 31 33 31 35 56 53 03 78 53 7F 52 

02:20:24 0028 01 32 00 00 00 00 00 00 00 15 53 51 00 02 30 31 58 41 54 53 4E 5A 42 54 4A 31 41 52 49 4E 43 03 4F 29 7F 52 

02:20:25 0029 01 32 2E 42 2D 31 36 32 30 15 51 30 32 02 53 38 36 41 47 53 37 39 39 32 03 43 26 7F 52 

02:20:30 0030 01 32 2E 42 2D 31 36 32 30 32 5F 7F 58 

02:20:31 0031 01 32 2E 42 2D 31 36 32 30 15 53 41 33 02 53 38 37 41 47 53 37 39 39 32 30 45 56 30 36 32 30 34 38 56 03 5A 53 7F 52 

02:22:19 0001 01 32 2E 42 2D 35 31 34 31 15 33 37 34 02 4D 32 37 41 48 55 37 32 30 36 4F 50 45 4E 31 0D 0A 5A 42 54 4A 30 36 32 32 03 7E 7C 7F 52 

02:22:21 0002 01 30 31 32 33 34 35 36 37 38 39 03 76 66 7F 52 

02:22:21 0003 01 32 00 00 00 00 00 00 00 15 53 51 00 02 30 32 58 41 54 53 4E 5A 42 54 4A 31 33 39 30 37 4E 31 31 37 32 30 45 56 31 33 36 39 37 35 2F 41 52 49 4E 43 03 7F 01 

02:22:25 0004 01 32 2E 42 2D 32 36 34 37 15 52 41 56 02 20 36 36 30 36 0D 0A 44 4F 57 20 30 34 32 36 31 36 20 44 4F 49 3A 20 34 34 2E 39 30 0D 0A 50 41 59 4C 4F 41 44 20 32 31 36 39 20 42 4C 4B 44 20 30 2F 31 0D 0A 5A 46 57 20 30 34 34 37 38 35 20 4D 41 43 5A 46 57 3A 20 32 30 2E 34 38 0D 0A 4D 5A 46 57 20 36 31 36 38 38 0D 0A 54 4F 46 20 36 39 36 33 0D 0A 54 4F 57 20 35 31 37 34 38 20 4D 41 43 54 4F 57 3A 20 32 33 2E 32 30 0D 0A 4D 54 4F 57 20 35 36 31 38 35 20 4C 0D 0A 54 52 49 50 20 46 55 45 4C 20 32 34 30 34 0D 0A 4C 44 57 20 34 39 33 34 34 20 4D 41 43 4C 41 57 3A 20 32 31 2E 31 36 0D 0A 4D 4C 44 57 20 35 33 37 38 32 0D 0A 0D 0A 53 54 41 42 20 54 4F 20 34 2E 33 0D 0A 0D 0A 50 41 53 53 45 4E 47 45 52 20 17 6E 0C 7F 52 

02:22:25 0005 01 32 2E 42 2D 35 31 34 31 34 5F 7F 45 

02:22:26 0006 01 32 2E 42 2D 32 36 34 37 56 5F 7F 35 

02:22:26 0007 01 32 2E 48 4C 37 37 32 30 15 32 33 35 02 4D 32 33 41 4B 45 30 39 32 33 52 4B 53 49 2F 55 55 45 45 2F 31 38 4A 55 4E 31 36 2F 59 2F 4E 2F 59 2F 4E 2F 5A 4D 55 42 2F 55 49 49 49 2F 4E 20 33 39 2E 30 32 35 2F 45 31 31 37 2E 34 34 36 2F 33 34 31 30 33 2F 31 31 39 33 32 30 2F 03 26 03 7F 52 

02:23:22 0001 01 30 31 32 33 34 35 36 37 38 39 03 76 66 7F 52 

02:23:23 0002 01 30 31 32 33 34 35 36 37 38 39 03 76 66 7F 52 

02:23:24 0003 01 30 31 32 33 34 35 36 37 38 39 03 76 66 7F 52 

02:24:38 0001 01 32 2E 42 2D 35 31 34 31 15 48 31 36 02 44 36 39 41 48 55 30 30 30 30 23 44 46 42 41 50 55 31 0D 0A 5A 53 50 44 2F 5A 42 54 4A 0D 0A 36 39 36 38 2F 30 32 32 34 30 0D 0A 32 32 32 35 39 35 2F 32 32 31 30 37 0D 0A 32 32 32 35 39 35 2F 32 32 31 30 38 0D 0A 3A 0D 0A 03 69 04 7F 52 

02:24:39 0002 01 32 2E 48 4C 37 37 32 30 15 43 31 57 02 33 30 2F 31 31 20 51 31 30 30 31 20 52 31 32 2F 36 30 44 20 4E 4F 53 49 47 0D 0A 20 20 52 4D 4B 20 51 46 45 37 30 39 2F 30 39 34 35 0D 0A 54 41 46 20 31 38 2F 30 35 3A 32 32 0D 0A 55 49 49 49 20 31 38 30 35 30 30 5A 20 31 38 30 36 2F 31 39 30 36 20 31 37 30 30 37 4D 50 53 20 39 39 39 39 20 4E 53 43 20 42 45 43 4D 47 20 31 38 30 39 2F 31 38 31 30 20 42 4B 4E 30 30 37 43 42 0D 0A 20 20 54 45 4D 50 4F 20 31 38 31 30 2F 31 38 31 36 20 56 52 42 31 35 4D 50 53 20 31 35 30 30 20 54 53 52 41 20 42 45 43 4D 47 20 31 38 31 36 2F 31 38 31 38 20 33 30 30 30 33 4D 50 53 20 2D 53 48 52 41 0D 0A 20 20 54 45 4D 50 4F 20 31 38 31 38 2F 31 39 30 36 20 33 32 30 30 38 47 17 31 4C 7F 52 

02:24:40 0003 01 30 31 32 33 34 35 36 37 38 39 03 76 66 7F 52 

02:24:41 0004 01 32 2E 48 4C 37 37 32 30 57 5F 7F 38 

02:34:45 0001 01 30 31 32 33 34 35 36 37 38 39 03 76 66 7F 52 

02:35:37 0002 01 32 00 00 00 00 00 00 00 15 53 51 00 02 30 31 58 41 54 53 4E 5A 42 54 4A 31 41 52 49 4E 43 03 4F 29 7F 52 

02:36:01 0003 01 32 00 00 00 00 00 00 00 15 53 51 00 02 30 32 58 41 54 53 4E 5A 42 54 4A 31 33 39 30 37 4E 31 31 37 32 30 45 56 31 33 36 39 37 35 2F 41 52 49 4E 43 03 7F 01 

02:36:53 0004 01 32 2E 42 2D 31 37 32 35 15 31 34 33 02 4D 31 30 41 48 55 37 36 32 37 50 4F 53 0D 0A 31 38 4A 55 4E 2C 30 36 33 37 2C 2D 30 37 31 3D 36 30 30 2C 33 33 31 30 30 2C 4E 20 33 39 2E 34 32 33 2C 45 31 31 36 2E 36 33 31 2C 32 38 34 39 37 2C 20 20 36 32 2C 2D 2D 2D 2D 2D 2D 03 3A 62 7F 52 

02:37:27 0005 01 32 00 00 00 00 00 00 00 15 53 51 00 02 30 31 58 41 54 53 4E 5A 42 54 4A 31 41 52 49 4E 43 03 4F 29 7F 52 

02:37:38 0006 01 32 2E 42 2D 35 34 32 35 15 51 30 39 02 53 32 32 41 43 41 30 31 33 30 03 13 3A 7F 52 

02:37:45 0007 01 32 00 00 00 00 00 00 00 15 53 51 00 02 30 32 58 41 54 53 4E 5A 42 54 4A 31 33 39 30 37 4E 31 31 37 32 30 45 56 31 33 36 39 37 35 2F 41 52 49 4E 43 03 7F 01 

02:37:48 0008 01 32 2E 42 2D 35 34 32 35 15 48 31 30 02 46 33 36 41 43 41 30 31 33 30 23 4D 31 42 50 52 47 2F 46 4E 43 43 41 31 33 30 2F 44 54 5A 42 41 41 2C 31 39 4F 2C 31 33 38 2C 30 36 35 37 35 33 2C 33 30 30 43 41 44 03 47 7A 7F 52 

02:38:01 0009 01 32 2E 42 2D 35 34 32 35 15 48 31 31 02 44 30 35 41 43 41 30 31 33 30 23 44 46 42 43 52 5A 42 2D 35 34 32 35 20 20 33 36 20 32 37 31 2D 2D 2D 20 2D 2D 2D 20 31 38 30 36 30 34 35 33 31 32 38 33 20 20 2D 38 2E 35 2D 33 36 2E 30 20 33 30 30 31 39 30 2E 37 36 31 31 35 32 34 34 30 30 0D 0A 31 33 30 31 53 43 52 32 41 30 33 20 30 33 38 30 32 32 35 39 39 36 32 37 30 36 20 38 36 2E 35 20 38 36 2E 35 20 39 33 2E 36 20 39 33 2E 32 36 33 34 36 33 31 20 33 30 30 32 20 32 39 36 35 20 20 36 31 2E 33 20 0D 0A 20 36 31 2E 33 34 33 34 38 31 30 34 31 30 35 30 2E 33 35 30 2E 31 33 30 2E 35 37 30 2E 30 35 20 34 33 32 37 31 30 2E 30 34 30 2E 30 36 30 2E 30 34 30 2E 30 39 20 34 31 33 32 31 31 31 30 4C 4F 20 4C 4F 17 2C 3A 7F 52 

02:38:08 0010 01 32 2E 42 2D 35 34 32 35 15 48 31 32 02 44 30 35 42 43 41 30 31 33 30 23 44 46 42 20 30 0D 0A 30 30 31 31 30 30 32 38 37 2E 37 34 32 39 2E 33 4E 33 36 2E 37 35 34 36 45 31 32 37 2E 33 38 34 36 33 31 36 20 20 20 20 39 31 35 36 36 30 30 20 20 35 2E 33 03 5D 73 7F 52 

02:38:21 0011 01 32 2E 42 2D 31 39 33 35 15 31 34 30 02 4D 34 37 41 5A 48 39 37 37 31 50 4F 53 0D 0A 55 54 43 20 30 36 33 38 33 35 2C 44 45 50 20 5A 47 53 5A 2C 44 45 53 20 5A 59 48 42 2C 4E 20 33 38 34 34 32 45 31 31 36 32 30 33 2C 43 41 53 20 32 37 32 2C 57 44 20 20 36 39 30 34 2C 57 53 20 20 32 31 30 2C 47 53 20 20 30 34 34 33 2C 41 4C 54 20 33 31 31 30 30 2C 46 4F 42 20 38 38 2C 46 46 31 20 30 32 36 35 34 2C 46 46 32 20 30 32 36 37 37 2C 54 41 53 20 30 34 34 31 03 3D 37 7F 52 

02:38:24 0012 01 32 2E 42 2D 35 34 32 35 15 48 31 33 02 44 30 36 41 43 41 30 31 33 30 23 44 46 42 2D 35 34 32 35 30 36 31 38 31 36 30 34 35 33 30 33 31 35 32 34 32 38 37 2D 33 36 2D 30 38 35 37 36 31 33 30 30 31 36 33 34 36 33 31 20 20 20 20 20 20 30 30 32 35 34 30 30 33 32 35 0D 0A 33 30 30 32 32 39 36 35 20 20 20 20 20 20 20 20 30 38 36 34 36 30 38 36 35 33 20 20 20 20 20 20 20 20 20 20 30 39 33 35 30 39 33 31 20 20 20 20 20 20 20 20 30 30 30 30 20 20 20 20 30 33 30 31 20 20 20 20 30 0D 0A 30 0D 0A 36 31 32 36 31 32 20 20 20 20 20 20 31 30 34 31 30 35 20 20 20 20 20 20 34 33 34 38 20 20 20 20 20 31 31 20 20 31 31 20 31 30 30 30 30 30 30 30 30 30 30 30 20 20 20 20 20 20 20 20 30 30 30 30 30 30 30 30 0D 0A 17 09 71 7F 52 

02:38:31 0013 01 32 2E 42 2D 35 34 32 35 15 48 31 34 02 44 30 36 42 43 41 30 31 33 30 23 44 46 42 30 30 30 30 30 30 30 30 20 20 20 20 20 20 20 20 30 30 30 30 30 30 30 30 20 20 20 20 20 20 20 20 30 30 30 30 30 30 30 30 20 20 20 20 20 20 20 20 30 30 30 30 30 30 0D 0A 30 30 30 30 30 30 30 30 30 30 20 20 20 20 20 20 20 20 20 20 30 30 30 30 30 30 30 30 30 30 20 20 20 20 20 20 20 20 20 20 30 30 32 37 30 30 30 32 37 35 0D 0A 30 30 30 30 30 30 20 20 20 20 20 20 30 30 35 30 30 30 20 20 20 20 20 20 30 34 33 32 37 31 20 20 20 20 20 20 30 34 31 33 32 31 0D 0A 30 30 30 30 30 30 30 30 20 20 20 20 20 20 20 20 30 30 30 30 30 30 30 30 0D 0A 03 56 07 7F 52 

02:39:12 0014 01 32 00 00 00 00 00 00 00 15 53 51 00 02 30 31 58 41 54 53 4E 5A 42 54 4A 31 41 52 49 4E 43 03 4F 29 7F 52 

02:39:37 0015 01 32 00 00 00 00 00 00 00 15 53 51 00 02 30 32 58 41 54 53 4E 5A 42 54 4A 31 33 39 30 37 4E 31 31 37 32 30 45 56 31 33 36 39 37 35 2F 41 52 49 4E 43 03 7F 01 

02:40:14 0016 01 32 2E 42 2D 39 39 34 38 15 51 30 36 02 53 36 38 41 47 53 36 35 30 39 03 3F 30 7F 52 

02:40:19 0017 01 32 2E 42 2D 39 39 34 38 36 5F 7F 48 

02:40:48 0018 01 32 2E 48 4C 38 32 37 36 15 51 30 30 02 53 39 35 41 4B 45 30 39 35 31 03 20 35 7F 52 

02:40:56 0019 01 32 2E 42 2D 32 33 33 38 15 51 30 30 02 53 35 36 41 4D 55 35 31 33 35 03 1B 3F 7F 52 

02:41:03 0020 01 32 2E 42 2D 32 33 33 38 15 31 31 31 02 4D 34 36 41 4D 55 35 31 33 35 50 4F 53 0D 0A 43 41 53 20 33 32 35 2C 4C 41 54 20 4E 20 33 38 2E 30 36 39 2C 4C 4F 4E 20 45 31 31 39 2E 36 37 32 2C 41 4C 54 20 31 39 36 37 33 2C 46 4F 42 20 31 35 34 38 30 2C 55 54 43 20 30 36 31 31 33 36 03 71 16 7F 52 

02:41:20 0021 01 32 2E 42 2D 32 33 33 38 4D 5F 7F 32 

02:41:21 0022 01 32 2E 42 2D 32 33 33 38 15 53 41 33 02 53 35 38 41 4D 55 35 31 33 35 30 45 56 30 36 34 31 30 38 56 03 54 45 7F 52 

02:41:33 0023 01 32 00 00 00 00 00 00 00 15 53 51 00 02 30 32 58 41 54 53 4E 5A 42 54 4A 31 33 39 30 37 4E 31 31 37 32 30 45 56 31 33 36 39 37 35 2F 41 52 49 4E 43 03 7F 01 

02:41:42 0024 01 32 2E 42 2D 32 33 33 38 15 53 41 33 02 53 35 38 41 4D 55 35 31 33 35 30 45 56 30 36 34 31 30 38 56 03 54 45 7F 52 

02:41:59 0025 01 32 2E 42 2D 32 33 33 38 15 53 41 33 02 53 35 38 41 4D 55 35 31 33 35 30 45 56 30 36 34 31 30 38 56 03 54 45 7F 52 

02:42:09 0026 01 32 2E 42 2D 32 33 33 38 15 53 41 33 02 53 35 38 41 4D 55 35 31 33 35 30 45 56 30 36 34 31 30 38 56 03 54 45 7F 52 

02:42:12 0027 01 32 00 00 00 00 00 00 00 15 53 51 00 02 30 31 58 41 54 53 4E 5A 42 54 4A 31 41 52 49 4E 43 03 4F 29 7F 52 

02:42:15 0028 01 32 2E 42 2D 32 33 33 38 15 42 39 34 02 4D 34 37 41 4D 55 35 31 33 35 2F 5A 42 41 41 2E 54 49 32 2F 30 34 30 5A 42 41 41 41 38 33 39 46 03 16 0E 7F 52 

02:42:21 0029 01 32 2E 42 2D 32 33 33 38 51 5F 7F 35 

14:44:52 0001 01 30 31 32 33 34 35 36 37 38 39 03 76 66 7F 52 

14:44:57 0002 01 32 2E 42 2D 35 31 34 31 15 52 41 49 02 20 31 35 34 36 32 0D 0A 44 4F 57 20 30 34 32 39 33 32 20 44 4F 49 3A 20 34 37 2E 38 32 0D 0A 50 41 59 4C 4F 41 44 20 31 32 31 34 37 20 42 4C 4B 44 20 30 2F 31 0D 0A 5A 46 57 20 30 35 35 30 37 39 20 4D 41 43 5A 46 57 3A 20 32 38 2E 33 32 0D 0A 4D 5A 46 57 20 36 31 36 38 38 0D 0A 54 4F 46 20 31 33 34 30 34 0D 0A 54 4F 57 20 36 38 34 38 33 20 4D 41 43 54 4F 57 3A 20 32 37 2E 30 30 0D 0A 4D 54 4F 57 20 37 31 37 39 38 20 4C 0D 0A 54 52 49 50 20 46 55 45 4C 20 37 35 36 39 0D 0A 4C 44 57 20 36 30 39 31 34 20 4D 41 43 4C 41 57 3A 20 32 38 2E 38 34 0D 0A 4D 4C 44 57 20 36 34 32 32 39 20 4C 0D 0A 0D 0A 53 54 41 42 20 54 4F 20 34 2E 39 0D 0A 0D 0A 50 41 53 53 45 17 1F 60 7F 52 

14:44:57 0003 01 32 2E 42 2D 35 31 34 31 49 5F 7F 38 

14:46:15 0001 01 30 31 32 33 34 35 36 37 38 39 03 76 66 7F 52 

14:46:16 0002 01 30 31 32 33 34 35 36 37 38 39 03 76 66 7F 52 

14:46:17 0003 01 30 31 32 33 34 35 36 37 38 39 03 76 66 7F 52 

14:46:22 0004 01 32 2E 48 4C 38 32 37 36 15 32 33 31 02 4D 34 36 41 4B 45 30 39 35 31 52 4B 53 49 2F 4F 4D 44 42 2F 31 38 4A 55 4E 31 36 2F 59 2F 4E 2F 59 2F 4E 2F 5A 4C 4C 4C 2F 20 20 20 20 2F 4E 20 33 39 2E 35 39 31 2F 45 31 31 37 2E 37 33 38 2F 33 34 31 30 33 2F 31 31 30 35 32 30 2F 03 4B 2D 7F 52 

14:46:29 0005 01 32 2E 42 2D 32 36 34 37 15 38 31 38 02 4D 37 30 41 48 55 37 37 33 39 46 52 45 45 0D 0A 2E 2E 4C 4F 41 44 4F 4B 03 0B 09 7F 52 

14:46:34 0006 01 32 2E 42 2D 32 36 34 37 38 5F 7F 59 

14:46:39 0007 01 32 2E 48 4C 38 32 37 36 15 32 33 31 02 4D 34 36 41 4B 45 30 39 35 31 52 4B 53 49 2F 4F 4D 44 42 2F 31 38 4A 55 4E 31 36 2F 59 2F 4E 2F 59 2F 4E 2F 5A 4C 4C 4C 2F 20 20 20 20 2F 4E 20 33 39 2E 35 39 31 2F 45 31 31 37 2E 37 33 38 2F 33 34 31 30 33 2F 31 31 30 35 32 30 2F 03 4B 2D 7F 52 

14:46:40 0008 01 32 2E 48 4C 38 32 37 36 55 5F 7F 32 

14:48:03 0001 01 30 31 32 33 34 35 36 37 38 39 03 76 66 7F 52 

14:48:03 0002 01 30 31 32 33 34 35 36 37 38 39 03 76 66 7F 52 

14:48:04 0003 01 30 31 32 33 34 35 36 37 38 39 03 76 66 7F 52 

14:48:22 0004 01 32 2E 42 2D 31 39 33 35 15 31 34 31 02 4D 34 38 41 5A 48 39 37 37 31 50 4F 53 0D 0A 55 54 43 20 30 36 34 38 33 37 2C 44 45 50 20 5A 47 53 5A 2C 44 45 53 20 5A 59 48 42 2C 4E 20 33 39 35 33 34 45 31 31 36 34 32 31 2C 43 41 53 20 32 37 32 2C 57 44 20 20 35 34 39 35 2C 57 53 20 20 32 35 34 2C 47 53 20 20 30 34 32 34 2C 41 4C 54 20 33 31 31 30 30 2C 46 4F 42 20 38 34 2C 46 46 31 20 30 32 36 35 36 2C 46 46 32 20 30 32 36 38 32 2C 54 41 53 20 30 34 34 30 03 10 5C 7F 52 

14:48:46 0005 01 32 2E 42 2D 35 37 39 32 30 5F 7F 4F 

14:48:47 0006 01 32 00 00 00 00 00 00 00 15 53 51 00 02 30 32 58 41 54 53 4E 5A 42 54 4A 31 33 39 30 37 4E 31 31 37 32 30 45 56 31 33 36 39 37 35 2F 41 52 49 4E 43 03 7F 01 

14:48:54 0007 01 32 2E 42 2D 35 37 39 32 31 5F 7F 50 

14:53:17 0001 01 30 31 32 33 34 35 36 37 38 39 03 76 66 7F 52 

14:53:19 0002 01 30 31 32 33 34 35 36 37 38 39 03 76 66 7F 52 

14:53:20 0003 01 30 31 32 33 34 35 36 37 38 39 03 76 66 7F 52 

