8:28:37 0001 01 32 2E 42 2D 31 38 34 39 35 5F 7F 51 

9:09:02 0002 01 32 2E 42 2D 31 38 34 39 35 5F 7F 41 

9:09:09 0003 01 32 2E 42 2D 31 38 34 39 36 5F 7F 42 

9:09:12 0004 01 32 2E 42 2D 35 36 39 31 15 48 31 32 02 46 30 37 41 46 4D 39 31 34 31 23 4D 31 42 50 52 47 2F 46 4E 43 53 48 39 31 34 31 2F 44 54 5A 42 44 48 2C 30 38 4F 2C 31 35 32 2C 30 31 33 34 32 31 2C 33 30 34 32 44 33 03 2F 7E 7F 52 

9:09:15 0005 01 32 2E 48 4C 38 30 30 34 15 42 39 37 02 4D 31 35 41 4F 5A 30 33 33 31 2F 5A 42 41 41 2E 54 49 32 2F 30 34 30 5A 42 41 41 41 38 33 39 46 03 0A 29 7F 52 

9:09:19 0006 01 32 2E 42 2D 35 36 39 31 15 51 32 33 02 4D 38 33 41 46 4D 39 31 34 31 2D 2D 2D 2D 2D 2D 2D 2D 2D 2D 2D 30 31 33 34 2C 43 53 48 39 31 34 31 2C 03 46 6C 7F 52 

9:09:28 0007 01 32 2E 42 2D 36 35 39 36 15 51 30 30 02 53 37 35 41 43 41 30 34 32 32 03 73 64 7F 52 

9:09:29 0008 01 32 2E 48 4C 38 30 30 34 15 42 39 37 02 4D 31 35 41 4F 5A 30 33 33 31 2F 5A 42 41 41 2E 54 49 32 2F 30 34 30 5A 42 41 41 41 38 33 39 46 03 0A 29 7F 52 

9:09:31 0009 01 32 2E 42 2D 35 38 34 37 15 48 32 35 02 4D 30 34 41 4D 46 38 32 32 39 30 32 44 32 33 5A 53 48 43 5A 42 54 4A 4E 33 38 35 31 35 45 31 31 37 33 30 37 30 31 30 36 20 36 31 39 50 31 36 37 32 38 37 30 30 39 47 30 30 30 39 51 4E 33 38 35 32 37 45 31 31 37 33 31 32 30 31 30 37 20 35 35 36 50 31 39 30 32 39 32 30 31 34 47 30 30 30 39 51 4E 33 38 35 33 39 45 31 31 37 33 30 38 30 31 30 37 20 35 31 39 50 31 39 37 33 30 35 30 31 37 47 30 30 30 39 51 4E 33 38 35 34 39 45 31 31 37 33 30 33 30 31 30 37 20 34 37 35 50 32 30 30 33 30 37 30 31 31 47 30 30 30 39 51 4E 33 38 35 35 39 45 31 31 37 32 39 37 30 31 30 38 20 34 33 32 50 31 39 35 32 39 32 30 31 30 47 30 30 30 39 51 4E 33 38 35 36 39 45 31 31 37 32 39 17 0E 5E 7F 52 

9:09:32 0010 01 32 2E 42 2D 35 32 31 30 15 31 31 30 02 4D 32 34 41 4B 4E 35 32 32 35 50 4F 53 0D 0A 43 41 53 20 32 37 34 32 2C 4C 41 54 20 4E 20 33 39 2E 35 32 37 2C 4C 4F 4E 20 45 31 31 34 2E 32 39 33 2C 41 4C 54 20 33 32 31 30 30 2C 46 4F 42 20 32 33 36 34 30 2C 55 54 43 20 30 31 30 39 34 38 03 1F 24 7F 52 

9:09:35 0011 01 32 2E 48 4C 38 30 30 34 15 38 30 38 02 4D 31 36 41 4F 5A 30 33 33 31 50 4F 53 48 4C 38 30 30 34 30 33 33 31 52 4B 53 49 5A 42 41 41 32 33 4A 55 4E 31 36 30 31 30 37 30 36 0D 0A 54 4E 20 33 38 2E 34 38 30 45 31 31 38 2E 38 32 32 30 31 30 37 30 36 20 20 32 36 30 36 30 2D 20 32 33 32 35 33 39 38 20 20 36 35 20 31 32 38 30 30 03 5C 64 7F 52 

9:09:39 0012 01 32 2E 42 2D 35 38 34 37 15 48 32 36 02 4D 30 34 42 4D 46 38 32 32 39 30 30 31 30 38 20 33 39 32 50 32 30 32 33 30 35 30 30 38 47 30 30 30 39 51 4E 33 38 35 37 39 45 31 31 37 32 38 34 30 31 30 38 20 33 35 37 50 32 31 35 33 31 32 30 30 39 47 30 30 30 39 51 4E 33 38 35 38 39 45 31 31 37 32 37 38 30 31 30 39 20 33 32 31 50 32 31 37 33 34 32 30 30 35 47 30 30 30 39 51 4E 33 38 35 39 39 45 31 31 37 32 37 32 30 31 30 39 20 32 37 39 50 32 31 37 30 35 33 30 30 34 47 30 30 30 39 51 4E 33 39 30 30 39 45 31 31 37 32 36 36 30 31 30 39 20 32 34 31 50 32 32 35 30 36 37 30 30 33 47 30 30 30 39 51 03 5B 68 7F 52 

9:09:41 0013 01 32 2E 42 2D 35 33 31 38 15 34 4D 47 7D 32 4B 49 38 32 39 37 38 35 33 20 20 20 20 50 48 4D 31 50 31 33 35 32 35 33 30 31 32 47 20 20 20 20 20 37 33 35 50 31 32 37 32 35 37 48 4E 4C 38 5F 5F 5F 2F 2F 2E 4C 46 4F 4D 46 3A 4E 4D 4E 4B 4B 4A 5F 47 4D 36 50 31 49 4F 4D 4B 34 30 31 36 47 20 20 20 20 4E 33 39 30 4A 26 45 31 32 31 48 4D 47 21 39 30 55 2F 4E 4F 4F 4D 4B 3A 30 32 31 47 20 20 5C 5F 31 4C 46 33 32 30 45 31 32 31 34 31 33 20 39 38 35 50 30 38 35 32 35 36 30 32 36 5B 20 20 20 20 4E 33 59 4F 4E 4E 3A 4E 32 31 34 48 4F 4E 37 49 32 50 30 36 35 2A 4A 56 24 19 65 62 68 6F 17 10 1B 7F 57 

9:09:43 0014 01 32 2E 42 2D 36 35 39 36 15 51 30 30 02 53 37 35 41 43 41 30 34 32 32 03 73 64 7F 52 

9:09:53 0015 01 32 2E 42 2D 32 36 38 35 15 31 37 38 02 4D 39 33 41 4B 4E 35 37 30 31 45 54 41 0D 0A 44 45 50 20 5A 42 4E 59 2C 44 45 53 20 5A 47 48 59 2C 45 54 41 20 30 33 31 37 2C 46 4F 42 20 32 31 34 34 30 03 06 54 7F 52 

9:10:05 0016 01 32 2E 42 2D 35 36 35 38 15 48 31 35 02 44 30 39 41 4D 46 38 31 36 30 23 44 46 42 50 4F 37 32 33 30 36 31 36 30 31 31 30 20 33 35 30 39 32 4E 20 33 38 20 37 2E 33 45 31 31 39 33 32 2E 35 20 20 39 35 34 33 30 32 32 33 03 01 4E 7F 52 

9:10:12 0017 01 32 2E 42 2D 36 35 39 36 15 53 41 32 02 53 37 36 41 43 41 30 34 32 32 30 45 56 30 31 31 30 30 38 56 03 6C 06 7F 52 

9:10:20 0018 01 32 2E 42 2D 36 35 39 36 15 31 30 33 02 4D 32 34 41 43 41 30 34 32 32 50 4F 53 32 33 30 31 30 39 2C 4E 20 33 38 2E 36 33 31 2C 45 31 31 39 2E 38 37 33 2C 30 32 30 30 2C 20 20 33 36 39 37 35 30 2C 2C 2C 32 37 35 39 37 2C 31 37 38 38 30 03 43 38 7F 52 

9:10:21 0019 01 32 2E 42 2D 35 36 35 38 15 48 31 35 02 44 30 39 41 4D 46 38 31 36 30 23 44 46 42 50 4F 37 32 33 30 36 31 36 30 31 31 30 20 33 35 30 39 32 4E 20 33 38 20 37 2E 33 45 31 31 39 33 32 2E 35 20 20 39 35 34 33 30 32 32 33 03 01 4E 7F 52 

9:10:23 0020 01 32 2E 42 2D 31 35 32 39 15 31 30 37 02 4D 35 31 41 43 41 30 38 33 31 50 4F 53 32 33 30 31 31 30 2C 4E 20 33 38 2E 35 31 37 2C 45 31 32 30 2E 33 30 35 2C 30 33 32 34 2C 20 30 35 35 30 30 30 30 2C 2C 2C 33 33 31 30 30 2C 32 39 31 36 30 03 51 6E 7F 52 

9:10:41 0021 01 32 2E 42 2D 36 35 39 36 15 31 30 33 02 4D 32 34 41 43 41 30 34 32 32 50 4F 53 32 33 30 31 30 39 2C 4E 20 33 38 2E 36 33 31 2C 45 31 31 39 2E 38 37 33 2C 30 32 30 30 2C 20 20 33 36 39 37 35 30 2C 2C 2C 32 37 35 39 37 2C 31 37 38 38 30 03 43 38 7F 52 

9:10:45 0022 01 32 2E 42 2D 35 36 39 31 15 48 32 34 02 4D 38 34 41 46 4D 39 31 34 31 30 32 44 32 33 5A 53 50 44 5A 42 44 48 4E 33 37 33 39 30 45 31 32 30 31 30 30 30 31 30 31 31 39 37 30 50 32 37 30 32 34 30 31 30 30 47 20 20 20 20 51 4E 33 37 34 33 35 45 31 32 30 30 34 39 30 31 30 32 31 39 37 30 50 32 37 30 32 32 36 31 30 38 47 20 20 20 20 51 4E 33 37 34 38 31 45 31 32 30 30 30 31 30 31 30 33 31 39 37 30 50 32 37 30 32 32 33 31 30 32 47 20 20 20 20 51 4E 33 37 35 32 39 45 31 31 39 35 35 33 30 31 30 34 31 39 37 30 50 32 37 30 32 39 35 31 30 32 47 20 20 20 20 51 4E 33 37 35 36 39 45 31 31 39 34 39 36 30 31 30 35 31 39 37 30 50 32 37 30 32 33 38 31 31 30 47 20 20 20 20 51 4E 33 38 30 30 35 45 31 31 39 34 33 17 2D 5F 7F 52 

9:10:46 0023 01 32 2E 42 2D 35 36 35 38 15 48 31 35 02 44 30 39 41 4D 46 38 31 36 30 23 44 46 42 50 4F 37 32 33 30 36 31 36 30 31 31 30 20 33 35 30 39 32 4E 20 33 38 20 37 2E 33 45 31 31 39 33 32 2E 35 20 20 39 35 34 33 30 32 32 33 03 01 4E 7F 52 

9:10:50 0024 01 32 2E 42 2D 36 37 37 31 15 31 34 30 02 4D 31 39 41 33 55 38 35 36 37 50 52 45 53 45 4E 54 20 50 4F 53 49 54 49 4F 4E 20 52 45 50 4F 52 54 20 0D 0A 44 4D 59 20 32 32 4A 55 4E 31 36 2C 55 54 43 20 30 31 31 30 32 32 2C 4C 41 54 20 4E 20 33 38 2E 39 38 39 2C 4C 4F 4E 20 45 31 31 38 2E 35 35 38 2C 43 41 53 20 32 39 36 2C 57 44 20 32 39 31 36 37 2C 57 53 0D 0A 20 20 20 31 39 2C 41 4C 54 20 31 31 33 31 35 2C 46 4F 42 20 36 30 30 30 2C 45 54 41 20 30 31 32 35 03 55 12 7F 52 

9:10:53 0025 01 32 2E 42 2D 35 36 39 31 15 48 32 35 02 4D 38 34 42 46 4D 39 31 34 31 38 30 31 30 36 31 39 37 30 50 32 37 30 32 38 32 31 32 30 47 20 20 20 20 51 4E 33 38 30 34 33 45 31 31 39 33 37 39 30 31 30 37 31 39 37 30 50 32 37 30 33 31 33 30 38 30 47 20 20 20 20 51 4E 33 38 30 38 33 45 31 31 39 33 32 37 30 31 30 38 31 39 37 30 50 32 37 30 33 30 35 30 37 34 47 20 20 20 20 51 4E 33 38 31 33 35 45 31 31 39 32 38 38 30 31 30 39 31 39 37 30 50 32 37 30 32 39 33 31 34 30 47 20 20 20 20 51 4E 33 38 31 36 31 45 31 31 39 32 32 34 30 31 31 30 31 39 37 30 50 32 37 30 33 33 34 31 35 34 47 20 20 20 20 51 03 1F 6A 7F 52 

9:10:56 0026 01 32 2E 42 2D 36 37 37 31 30 5F 7F 56 03 3E 4B 7F 52 

9:10:56 0027 01 32 2E 42 2D 36 35 39 36 15 31 30 33 02 4D 32 34 41 43 41 30 34 32 32 50 4F 53 32 33 30 31 30 39 2C 4E 20 33 38 2E 36 33 31 2C 45 31 31 39 2E 38 37 33 2C 30 32 30 30 2C 20 20 33 36 39 37 35 30 2C 2C 2C 32 37 35 39 37 2C 31 37 38 38 30 03 43 38 7F 52 

9:10:57 0028 01 32 2E 42 2D 35 36 35 38 15 48 31 35 02 44 30 39 41 4D 46 38 31 36 30 23 44 46 42 50 4F 37 32 33 30 36 31 36 30 31 31 30 20 33 35 30 39 32 4E 20 33 38 20 37 2E 33 45 31 31 39 33 32 2E 35 20 20 39 35 34 33 30 32 32 33 03 01 4E 7F 52 

9:11:02 0029 01 32 2E 42 2D 35 33 31 38 15 48 32 30 02 4D 34 36 49 4D 46 30 38 35 33 32 31 47 20 20 20 20 4E 33 38 35 30 35 45 31 32 31 32 36 39 31 38 32 38 4D 30 39 30 32 36 37 30 32 30 47 20 20 20 20 4E 33 38 34 39 31 45 31 32 31 32 35 33 31 39 32 39 4D 31 30 37 32 33 36 30 32 37 47 20 20 20 20 4E 33 38 34 37 39 45 31 32 31 32 33 38 32 30 30 37 4D 31 31 32 32 35 32 30 32 37 47 20 20 20 20 4E 33 38 34 36 35 45 31 32 31 32 32 32 32 30 38 30 4D 31 32 37 32 36 32 30 33 31 47 20 20 20 20 4E 33 38 34 35 31 45 31 32 31 32 30 35 32 31 35 32 4D 31 34 32 32 36 31 30 33 35 47 20 20 20 20 4E 33 38 34 33 39 45 31 32 31 31 38 39 32 31 37 33 4D 31 35 37 32 36 32 30 33 35 47 20 20 20 20 4E 33 38 34 32 33 45 31 32 31 31 17 2D 12 7F 52 

9:11:18 0030 01 32 2E 42 2D 36 35 39 36 15 31 30 33 02 4D 32 34 41 43 41 30 34 32 32 50 4F 53 32 33 30 31 30 39 2C 4E 20 33 38 2E 36 33 31 2C 45 31 31 39 2E 38 37 33 2C 30 32 30 30 2C 20 20 33 36 39 37 35 30 2C 2C 2C 32 37 35 39 37 2C 31 37 38 38 30 03 43 38 7F 52 

9:11:19 0031 01 32 2E 42 2D 35 33 31 38 15 48 32 32 02 4D 34 36 4B 4D 46 30 38 35 33 20 20 20 4E 33 38 33 32 31 45 31 32 31 30 34 36 32 31 37 30 4D 31 35 37 32 36 38 30 33 36 47 20 20 20 20 03 6F 5C 7F 52 

9:11:22 0032 01 32 2E 42 2D 35 36 35 38 15 48 31 36 02 44 30 39 41 4D 46 38 31 36 30 23 44 46 42 50 4F 37 32 33 30 36 31 36 30 31 31 30 20 33 35 30 39 32 4E 20 33 38 20 37 2E 33 45 31 31 39 33 32 2E 35 20 20 39 35 34 33 30 32 32 33 03 31 4E 7F 52 

9:11:28 0033 01 32 2E 42 2D 35 36 35 38 15 51 30 37 02 53 31 39 41 4D 46 38 31 36 30 03 60 12 7F 52 

9:11:30 0034 01 32 2E 42 2D 36 35 39 36 15 51 30 34 02 53 37 37 41 43 41 30 34 32 32 03 48 6B 7F 52 

9:11:34 0035 01 32 2E 42 2D 36 37 37 31 15 48 31 31 02 44 30 31 41 33 55 38 35 36 37 23 44 46 42 41 30 31 2F 41 33 32 30 30 31 2C 31 2C 31 2F 43 43 42 2D 36 37 37 31 2C 4A 55 4E 32 33 2C 30 30 33 39 34 38 2C 5A 59 48 42 2C 5A 42 54 4A 2C 38 35 36 37 2F 43 31 30 36 2C 39 37 35 33 32 2C 35 30 30 30 2C 34 33 2C 30 30 31 30 2C 30 2C 30 31 30 30 2C 34 33 2C 58 2F 43 45 4E 31 37 37 2C 33 34 31 33 37 2C 32 36 36 2C 37 37 31 2C 36 33 35 35 2C 33 30 37 2C 49 32 32 30 31 30 2F 45 43 30 31 35 37 35 31 2C 30 31 36 35 34 2C 30 31 30 33 31 2C 37 33 2C 33 30 2F 45 45 30 31 35 39 30 31 2C 30 31 32 38 35 2C 30 30 38 34 30 2C 37 33 2F 4E 31 31 32 37 31 2C 31 32 37 31 2C 34 30 30 30 2C 30 37 39 30 2C 30 38 34 37 2C 31 31 38 17 5A 3F 7F 52 

9:11:39 0036 01 32 2E 42 2D 31 38 35 30 15 31 34 37 02 4D 30 33 41 47 53 37 39 38 31 50 4F 53 0D 0A 32 32 4A 55 4E 2C 30 31 31 31 2C 32 35 37 2C 32 34 36 30 32 2C 4E 20 33 38 2E 36 36 33 2C 45 31 32 30 2E 30 31 32 2C 32 35 31 35 31 2C 20 20 36 30 2C 32 33 35 36 30 03 15 43 7F 52 

9:11:40 0037 01 32 2E 42 2D 36 37 37 31 31 3A 3B 57 02 31 32 36 34 37 35 03 1B 74 7F 52 

9:11:40 0038 01 32 2E 42 2D 36 37 37 31 57 5F 7F 32 02 53 31 36 41 33 55 38 35 36 37 03 67 3C 7F 52 

9:11:42 0039 01 32 2E 42 2D 35 36 35 38 15 51 30 37 02 53 31 39 41 4D 46 38 31 36 30 03 60 12 7F 52 

9:11:44 0040 01 32 2E 42 2D 36 35 39 36 15 51 30 34 02 53 37 37 41 43 41 30 34 32 32 03 48 6B 7F 52 

9:11:44 0041 01 32 2E 42 2D 35 33 31 38 15 48 32 32 02 4D 34 36 4B 4D 46 30 38 35 33 20 20 20 4E 33 38 33 32 31 45 31 32 31 30 34 36 32 31 37 30 4D 31 35 37 32 36 38 30 33 36 47 20 20 20 20 03 6F 5C 7F 52 

9:11:45 0042 01 32 2E 42 2D 31 38 35 30 37 5F 7F 4A 03 62 6D 7F 52 

9:11:48 0043 01 32 2E 42 2D 35 36 35 38 15 53 41 38 02 53 32 30 41 4D 46 38 31 36 30 30 45 56 30 31 31 31 34 32 56 2F 03 0E 3A 7F 52 

9:11:55 0044 01 32 2E 42 2D 31 38 35 30 15 31 34 37 02 4D 30 33 41 47 53 37 39 38 31 50 4F 53 0D 0A 32 32 4A 55 4E 2C 30 31 31 31 2C 32 35 37 2C 32 34 36 30 32 2C 4E 20 33 38 2E 36 36 33 2C 45 31 32 30 2E 30 31 32 2C 32 35 31 35 31 2C 20 20 36 30 2C 32 33 35 36 30 03 15 43 7F 52 

9:11:57 0045 01 32 2E 42 2D 35 33 31 38 15 48 32 32 02 4D 34 36 4B 4D 46 30 38 35 33 20 20 20 4E 33 38 33 32 31 45 31 32 31 30 34 36 32 31 37 30 4D 31 35 37 32 36 38 30 33 36 47 20 20 20 20 03 6F 5C 7F 52 

9:11:58 0046 01 32 2E 42 2D 31 38 35 37 15 31 31 31 02 4D 31 34 41 48 4F 31 31 38 35 2C 45 31 32 30 2E 37 31 37 2C 4E 20 33 37 2E 39 37 30 2C 20 31 37 31 2C 33 31 30 39 31 2C 32 38 31 2C 20 37 39 2C 30 31 31 32 31 32 03 1D 5B 7F 52 

9:12:00 0047 01 32 2E 42 2D 31 37 32 37 15 51 30 36 02 53 38 34 41 48 55 37 38 30 35 03 6E 18 7F 52 

9:12:06 0048 01 32 2E 42 2D 35 36 35 38 15 53 41 38 02 53 32 30 41 4D 46 38 31 36 30 30 45 56 30 31 31 31 34 32 56 2F 03 0E 3A 7F 52 

9:12:07 0049 01 32 2E 42 2D 36 35 39 36 15 51 30 34 02 53 37 37 41 43 41 30 34 32 32 03 48 6B 7F 52 

9:12:08 0050 01 32 2E 48 4C 37 37 35 34 15 48 31 37 02 43 30 36 41 4F 5A 33 33 35 35 23 43 46 42 2E 31 2F 46 4C 52 2F 46 52 31 36 30 36 32 33 30 31 31 31 20 20 33 38 33 31 34 31 30 36 56 53 43 20 20 20 20 58 32 2C 2C 2C 2C 2C 2C 2C 4C 41 56 20 37 33 2C 48 41 52 44 03 0C 63 7F 52 

9:12:13 0051 01 32 2E 42 2D 35 33 31 38 15 48 32 32 02 4D 34 36 4B 4D 46 30 38 35 33 20 20 20 4E 33 38 33 32 31 45 31 32 31 30 34 36 32 31 37 30 4D 31 35 37 32 36 38 30 33 36 47 20 20 20 20 03 6F 5C 7F 52 

10:35:14 0001 01 32 2E 42 2D 33 31 36 37 35 3A 3B 53 02 31 32 36 34 37 35 03 5A 5F 7F 52 

10:35:14 0002 01 32 2E 42 2D 35 31 33 32 15 51 46 34 02 4D 33 38 41 46 4D 39 31 32 34 2D 2D 2D 2D 2D 2D 2D 2D 2D 2D 4F 46 46 20 52 45 50 4F 52 54 0D 0A 44 45 50 20 5A 42 53 4E 2C 4F 46 46 20 30 32 32 33 2C 44 45 53 20 5A 53 50 44 2C 46 4F 42 20 31 30 35 2C 32 33 30 36 03 71 7C 7F 52 

10:35:16 0003 01 32 2E 42 2D 33 31 36 37 53 5F 7F 36 

10:35:17 0004 01 32 2E 42 2D 35 34 36 35 15 51 30 33 02 53 37 30 41 48 55 37 33 31 32 03 2D 22 7F 52 

10:35:20 0005 01 32 2E 42 2D 35 31 33 32 42 5F 7F 35 

